-181.73 -181.73
-190.08 -191.75
-189.25 -192.58
-188.40 -193.40
-177.83 -184.15
-177.03 -184.93
-176.22 -185.70
-177.46 -188.65
-178.00 -190.88
-177.17 -191.66
-174.98 -190.95
-182.21 -200.60
-180.00 -199.91
-171.80 -192.48
-170.96 -193.23
-177.36 -202.24
-176.48 -203.02
-1105.12 -1282.56
-1185.24 -1387.74
-1190.81 -1406.64
-1186.59 -1414.12
-1184.88 -1424.66
-1178.65 -1429.82
-1188.22 -1454.31
-1183.12 -1461.03
-1182.37 -1473.20
-1185.89 -1490.87
-1179.37 -1496.03
-1182.07 -1512.98
-1178.52 -1522.08
-1179.78 -1537.52
-1177.30 -1548.22
-1176.55 -1561.33
-1176.91 -1576.07
-1175.97 -1589.22
-1173.16 -1599.99
-1175.57 -1618.03
-1171.42 -1627.20
-1175.34 -1647.77
-1173.34 -1660.23
-1180.42 -1685.81
-1182.75 -1704.92
-1178.13 -1714.18
-1183.58 -1738.32
-1188.29 -1761.70
-1180.59 -1766.87
-1177.28 -1778.68
-1176.09 -1793.83
-1176.97 -1812.37
-1183.65 -1840.19
-1178.84 -1850.40
-1186.76 -1880.90
-1179.60 -1887.75
-1175.56 -1899.69
-1182.42 -1929.52
-1174.51 -1935.52
-1187.68 -1976.63
-1181.09 -1985.23
-1184.60 -2011.04
-1184.38 -2030.88
-1176.50 -2037.76
-1191.42 -2084.54
-1886.48 -3334.33
-1894.88 -3383.54
-1893.67 -3416.26
-1892.22 -3449.04
-1897.19 -3494.17
-1898.49 -3533.25
-1905.12 -3583.00
-1900.64 -3612.52
-1896.87 -3643.84
-1896.98 -3683.19
-1889.52 -3708.37
-1894.92 -3759.44
-1893.22 -3797.20
-1896.10 -3844.89
-1900.78 -3897.17
-1901.14 -3941.45
-1901.14 -3985.81
-1900.37 -4029.34
-1900.52 -4075.66
-1903.24 -4128.42
-1897.64 -4163.98
-1900.82 -4219.63
-1893.37 -4252.55
-1905.00 -4329.42
-1900.85 -4371.62
-1900.31 -4423.06
-1906.00 -4490.22
-1906.50 -4546.45
-1908.84 -4608.31
-1907.64 -4662.87
-1907.13 -4720.29
-1886.52 -4728.57
-1903.25 -4831.65
-1907.16 -4904.22
-1911.19 -4978.78
-1914.60 -5053.47
-1917.40 -5128.28
-1921.65 -5208.83
-1922.51 -5282.01
-1915.66 -5335.52
-1922.07 -5427.72
-1923.76 -5508.75
-1934.54 -5618.27
-1929.94 -5685.36
-1930.81 -5770.54
-1928.17 -5847.29
-1927.97 -5933.64
-1902.06 -5941.99
-1934.16 -6134.30
-1937.62 -6240.09
-1934.93 -6328.82
-1935.26 -6430.09
-1921.10 -6485.45
-2109.93 -7238.77
-2107.27 -7348.84
-2075.18 -7357.96
-2110.94 -7611.71
-2113.22 -7751.10
-2120.53 -7913.82
-2137.41 -8118.34
-2137.02 -8263.13
-2135.90 -8410.01
-2132.81 -8554.12
-2116.38 -8648.82
-2112.94 -8800.91
-2101.80 -8925.88
-2062.83 -8934.97
-0.22 -0.98
-0.22 -0.98
-0.21 -0.98
-0.21 -0.98
-0.20 -0.98
-0.20 -0.98
-0.20 -0.98
-0.19 -0.98
-0.19 -0.98
-0.18 -0.98
-0.18 -0.98
-0.17 -0.98
-0.17 -0.99
-0.17 -0.99
-0.16 -0.99
-0.16 -0.99
-0.15 -0.99
-0.15 -0.99
-0.14 -0.99
-0.14 -0.99
-0.13 -0.99
-0.13 -0.99
-0.13 -0.99
-0.12 -0.99
-0.12 -0.99
-0.11 -0.99
-0.11 -0.99
-0.10 -0.99
-0.10 -0.99
-0.10 -1.00
-0.09 -1.00
-0.09 -1.00
-0.08 -1.00
-0.08 -1.00
-0.07 -1.00
-0.07 -1.00
-0.07 -1.00
-0.06 -1.00
-0.06 -1.00
-0.05 -1.00
-0.05 -1.00
-0.04 -1.00
-0.04 -1.00
-0.03 -1.00
-0.03 -1.00
-0.03 -1.00
-0.02 -1.00
-0.02 -1.00
-0.01 -1.00
-306.25 -35074.66
-153.38 -35115.67
-0.16 -35160.00
153.28 -35165.67
306.69 -35161.66
460.11 -35159.99
613.52 -35157.65
766.87 -35152.64
920.40 -35154.95
1073.79 -35150.60
1227.18 -35146.58
1380.64 -35143.89
1533.97 -35137.53
1686.60 -35116.52
1837.77 -35069.88
0.06 -1.00
0.06 -1.00
0.07 -1.00
0.07 -1.00
0.07 -1.00
0.08 -1.00
0.08 -1.00
0.09 -1.00
0.09 -1.00
0.10 -1.00
0.10 -0.99
0.10 -0.99
0.11 -0.99
0.11 -0.99
0.12 -0.99
0.12 -0.99
0.13 -0.99
0.13 -0.99
0.13 -0.99
0.14 -0.99
0.14 -0.99
0.15 -0.99
0.15 -0.99
0.16 -0.99
0.16 -0.99
0.17 -0.99
0.17 -0.99
0.17 -0.98
0.18 -0.98
0.18 -0.98
0.19 -0.98
0.19 -0.98
0.20 -0.98
0.20 -0.98
0.20 -0.98
0.21 -0.98
0.21 -0.98
0.22 -0.98
0.22 -0.98
0.22 -0.97
0.23 -0.97
0.23 -0.97
0.24 -0.97
0.24 -0.97
0.25 -0.97
0.25 -0.97
0.25 -0.97
0.26 -0.97
0.26 -0.96
0.27 -0.96
0.27 -0.96
0.28 -0.96
0.28 -0.96
0.28 -0.96
0.29 -0.96
0.29 -0.96
0.30 -0.96
0.30 -0.95
0.30 -0.95
0.31 -0.95
0.31 -0.95
0.32 -0.95
0.32 -0.95
0.33 -0.95
0.33 -0.94
0.33 -0.94
0.34 -0.94
0.34 -0.94
0.35 -0.94
0.35 -0.94
0.35 -0.94
0.36 -0.93
0.36 -0.93
0.37 -0.93
0.37 -0.93
0.37 -0.93
0.38 -0.93
0.38 -0.92
0.39 -0.92
0.39 -0.92
0.39 -0.92
0.40 -0.92
0.40 -0.92
0.41 -0.91
0.41 -0.91
0.41 -0.91
0.42 -0.91
0.42 -0.91
0.43 -0.90
0.43 -0.90
0.43 -0.90
0.44 -0.90
0.44 -0.90
0.45 -0.89
0.45 -0.89
0.45 -0.89
0.46 -0.89
0.46 -0.89
0.47 -0.88
0.47 -0.88
0.47 -0.88
0.48 -0.88
0.48 -0.88
0.48 -0.87
0.49 -0.87
0.49 -0.87
0.50 -0.87
0.50 -0.87
0.50 -0.86
0.51 -0.86
0.51 -0.86
0.52 -0.86
0.52 -0.85
0.52 -0.85
0.53 -0.85
840.97 -1345.86
846.84 -1342.18
853.76 -1340.16
858.52 -1334.74
865.42 -1332.65
869.58 -1326.36
875.36 -1322.55
874.46 -1308.74
876.80 -1299.94
881.34 -1294.45
876.22 -1274.93
878.36 -1266.16
883.87 -1262.32
889.95 -1259.27
895.43 -1255.37
900.90 -1251.45
906.35 -1247.51
911.79 -1243.54
906.50 -1225.09
909.44 -1217.91
911.74 -1209.94
915.19 -1203.56
911.31 -1187.66
906.68 -1171.02
909.94 -1164.69
910.68 -1155.21
905.13 -1137.92
907.58 -1130.84
911.88 -1126.09
911.09 -1115.13
915.31 -1110.38
920.14 -1106.37
925.60 -1103.11
931.70 -1100.59
950.78 -1113.24
961.51 -1115.90
968.33 -1113.96
981.10 -1118.75
987.96 -1116.70
992.82 -1112.38
997.66 -1108.04
1007.87 -1109.60
1019.46 -1112.56
1026.34 -1110.30
1040.72 -1116.05
1046.26 -1112.23
1051.80 -1108.38
1057.31 -1104.50
1076.02 -1114.27
1081.57 -1110.28
1091.31 -1110.54
1103.18 -1112.87
1108.03 -1108.05
1117.11 -1107.43
1131.92 -1112.35
1136.76 -1107.40
1148.06 -1108.69
1160.11 -1110.58
1169.29 -1109.64
1180.68 -1110.69
1185.51 -1105.53
1191.80 -1101.70
1202.49 -1101.90
1211.73 -1100.68
1226.92 -1104.75
1238.45 -1105.37
1244.75 -1101.29
1249.55 -1095.84
1258.09 -1093.66
1262.85 -1088.16
1267.59 -1082.64
1271.54 -1076.45
1276.22 -1070.90
1272.42 -1058.28
1274.71 -1050.81
1276.96 -1043.34
1277.62 -1034.61
1270.42 -1019.64
1270.95 -1010.98
1272.99 -1003.56
1272.63 -994.31
1274.58 -986.91
1274.91 -978.29
1271.21 -966.67
1269.02 -956.30
1271.58 -949.55
1270.08 -939.83
1265.30 -927.78
1268.53 -921.66
1271.73 -915.53
1275.71 -909.97
1264.97 -894.01
1268.86 -888.48
1269.44 -880.66
1264.20 -868.88
1267.98 -863.36
1269.25 -856.14
1272.97 -850.59
1266.66 -838.40
1270.31 -832.87
1269.74 -824.60
1269.12 -816.34
1272.67 -810.80
1275.35 -804.70
1267.82 -792.24
1264.47 -782.49
1267.87 -776.97
1264.41 -767.28
1264.31 -759.69
1267.62 -754.17
1268.31 -747.11
1264.65 -737.54
1265.26 -730.51
1263.22 -722.01
1262.01 -714.03
1262.49 -707.05
1259.45 -698.14
1258.10 -690.23
1261.10 -684.74
1261.43 -677.81
1257.31 -668.54
1256.68 -661.19
1259.55 -655.70
1262.40 -650.19
1259.88 -641.96
1258.20 -634.20
1259.17 -627.81
1261.00 -621.87
1263.70 -616.36
1266.38 -610.84
1266.32 -604.02
1260.80 -594.65
1261.57 -588.30
1255.05 -578.60
1236.63 -563.58
1239.08 -558.18
1241.50 -552.77
1257.63 -553.39
1260.03 -547.89
1262.41 -542.39
1256.48 -533.36
1245.89 -522.46
1240.76 -513.96
1243.00 -508.54
1243.35 -502.36
1245.53 -496.93
1243.03 -489.66
1248.89 -485.68
1247.26 -478.79
1245.60 -471.93
1247.64 -466.49
1249.67 -461.04
1251.67 -455.58
1267.76 -455.19
1269.73 -449.65
1271.68 -444.11
1273.61 -438.55
1275.51 -432.99
1281.18 -428.69
1291.59 -425.92
1308.65 -425.22
1313.35 -420.42
1317.08 -415.29
1318.88 -409.54
1332.13 -407.29
1333.89 -401.47
1335.63 -395.65
1337.35 -389.82
1339.03 -383.98
1337.81 -377.32
1339.44 -371.48
1336.23 -364.31
1337.80 -358.48
1337.42 -352.13
1338.94 -346.29
1337.54 -339.71
1339.00 -333.87
1253.03 -306.63
1239.77 -297.66
1230.35 -289.72
1231.60 -284.35
1227.95 -277.87
1228.18 -272.29
1228.38 -266.72
1229.53 -261.36
1230.66 -255.99
1227.84 -249.82
1208.33 -240.36
1229.98 -239.10
1219.22 -231.49
1220.22 -226.17
1225.13 -221.55
1231.01 -217.07
1227.02 -210.85
1227.92 -205.50
1206.11 -196.44
1203.99 -190.71
1204.81 -185.45
1201.65 -179.60
1203.41 -174.50
1204.16 -169.25
1204.89 -163.99
1204.60 -158.60
1205.28 -153.34
1204.95 -147.96
1206.58 -142.82
1206.19 -137.44
1203.80 -131.85
1198.40 -125.97
1204.91 -121.34
1205.42 -116.08
1205.92 -110.82
1210.38 -105.91
1210.83 -100.62
1206.27 -94.95
1196.70 -88.94
1196.08 -83.65
1189.45 -77.97
1189.78 -72.78
1190.08 -67.59
1203.35 -63.08
1205.61 -57.92
1205.85 -52.66
1204.07 -47.32
1206.26 -42.14
1207.44 -36.90
1200.59 -31.45
1200.71 -26.21
1200.82 -20.97
1200.90 -15.73
1200.95 -10.49
1197.99 -5.24
1195.00 -0.01
470.00 2.05
462.98 4.04
462.96 6.06
469.93 8.20
1190.72 25.97
1194.59 31.27
1197.44 36.57
1200.27 41.90
1202.07 47.22
1201.86 52.46
1201.62 57.71
1204.35 63.11
1204.06 68.36
1203.75 73.61
1198.43 78.54
1203.06 84.11
1203.68 89.44
1197.30 94.22
1189.90 98.86
1189.46 104.05
1188.99 109.24
1188.50 114.43
1187.99 119.61
1190.44 125.11
1189.89 130.30
1189.31 135.49
1188.70 140.68
1188.08 145.87
1190.41 151.43
1191.72 156.88
1189.04 161.81
1188.32 167.00
1187.58 172.18
1188.80 177.65
1186.04 182.54
1185.23 187.71
1190.32 193.84
1192.42 199.53
1199.42 206.09
1198.51 211.32
1218.24 220.28
1217.27 225.60
1202.52 228.29
1201.51 233.54
1203.43 239.36
1202.37 244.61
1201.29 249.86
1206.06 256.34
1221.54 265.21
1220.37 270.54
1219.18 275.86
1217.97 281.18
1215.75 286.26
1214.49 291.56
1216.12 297.57
1211.90 302.15
1215.42 308.66
1216.00 314.47
1215.58 320.02
1214.17 325.32
1213.71 330.88
1212.25 336.17
1210.77 341.46
1218.88 349.50
1224.07 356.77
1222.50 362.11
1224.74 368.59
1224.07 374.22
1222.43 379.56
1220.76 384.89
1222.88 391.43
1224.01 397.69
1219.42 402.09
1219.55 408.04
1218.70 413.68
1217.83 419.32
1215.99 424.63
1216.01 430.60
1219.77 437.93
1217.85 443.25
1215.90 448.56
1213.93 453.86
1211.94 459.15
1209.92 464.43
1217.21 473.33
1215.13 478.64
1213.03 483.94
1210.91 489.22
1208.76 494.50
1213.98 502.83
1215.47 509.67
1221.52 518.49
1221.08 524.60
1216.94 529.13
1212.79 533.63
1215.02 540.95
1212.65 546.24
1214.80 553.60
1216.01 560.57
1218.99 568.41
1216.50 573.72
1212.18 578.16
1211.44 584.32
1222.37 596.17
1229.62 606.37
1235.02 615.74
1232.32 621.12
1230.49 626.95
1227.74 632.31
1224.97 637.66
1226.60 645.33
1227.30 652.55
1227.09 659.32
1228.59 667.06
1226.55 672.89
1225.35 679.21
1222.37 684.55
1219.38 689.87
1216.35 695.19
1213.31 700.49
1210.24 705.78
1224.38 721.20
1222.94 727.56
1219.76 732.89
1221.68 741.31
1220.99 748.21
1217.71 753.53
1222.89 764.13
1220.39 769.99
1217.02 775.31
1224.56 787.65
1227.82 797.34
1227.68 804.88
1226.65 811.89
1224.76 818.34
1221.18 823.68
1225.84 834.63
1226.31 842.80
1226.73 850.99
1223.82 856.91
1228.24 868.01
1224.44 873.36
1221.43 879.28
1228.10 892.25
1225.81 898.78
1223.48 905.31
1229.13 917.82
1225.92 923.77
1225.85 932.14
1224.15 939.31
1220.04 944.64
1217.49 951.18
1216.47 958.96
1214.62 966.13
1221.31 980.18
1220.91 988.65
1230.52 1005.36
1226.12 1010.72
1223.24 1017.33
1221.09 1024.59
1220.42 1033.14
1221.22 1043.00
1217.42 1048.97
1218.11 1058.87
1223.26 1072.74
1221.56 1080.72
1219.07 1088.04
1215.05 1094.02
1215.45 1104.01
1210.62 1109.31
1213.11 1121.37
1214.79 1132.79
1212.02 1140.13
1209.21 1147.47
1204.92 1153.43
1199.87 1158.68
1194.80 1163.90
1184.72 1164.20
1172.53 1162.32
1163.20 1163.18
1151.08 1161.14
1143.20 1163.30
1134.62 1164.69
1117.72 1157.40
1107.82 1157.21
1099.32 1158.41
1090.82 1159.55
1083.71 1162.11
1075.23 1163.15
1060.01 1156.78
1053.61 1159.91
1044.53 1160.04
1039.45 1164.58
1019.79 1152.63
1014.75 1157.07
1009.03 1160.73
1002.00 1162.85
987.82 1156.57
979.54 1157.05
974.48 1161.31
967.48 1163.25
956.04 1159.74
947.17 1159.25
937.07 1157.16
929.51 1158.12
923.83 1161.38
913.18 1158.33
897.03 1148.12
892.01 1152.02
884.54 1152.73
878.30 1154.99
872.04 1157.21
861.60 1153.80
853.58 1153.52
840.86 1146.75
829.38 1141.51
824.39 1145.12
815.32 1143.01
797.05 1127.77
790.40 1128.78
782.05 1127.29
774.29 1126.57
767.68 1127.46
756.04 1120.85
751.14 1124.14
746.23 1127.40
741.31 1130.65
735.28 1132.20
730.33 1135.39
726.44 1140.26
728.40 1154.41
723.35 1157.58
718.30 1160.72
721.59 1177.49
721.11 1188.32
722.61 1202.60
721.45 1212.61
718.18 1219.20
718.90 1232.68
715.02 1238.41
709.61 1241.52
722.89 1277.67
731.48 1306.12
768.44 1386.26
1051.47 1916.51
1155.23 2127.60
1168.18 2174.02
1172.77 2205.59
1163.13 2210.68
1173.33 2253.88
1171.73 2274.98
1173.14 2302.35
1177.49 2336.02
1174.42 2355.45
1170.77 2374.01
1169.61 2397.97
1159.13 2403.05
1165.86 2444.19
1176.08 2493.57
1166.04 2500.49
1164.74 2526.44
1164.91 2556.07
1162.78 2581.18
1166.15 2619.12
1154.71 2624.18
1164.38 2677.80
1168.48 2719.61
1163.24 2740.33
1163.65 2774.89
1160.72 2802.11
1158.70 2832.14
1156.82 2863.13
1144.32 2868.15
1157.45 2938.24
1159.12 2980.55
1157.93 3016.38
1154.32 3046.65
1152.22 3081.64
1152.96 3125.10
1148.89 3156.41
1135.11 3161.39
1149.34 3245.50
1148.03 3287.30
1144.09 3322.54
1145.34 3373.90
1143.61 3417.74
1143.41 3467.34
1140.32 3509.38
1125.00 3514.32
1135.21 3600.27
1134.62 3653.89
1134.16 3709.49
1133.53 3766.11
1127.59 3806.50
1129.44 3874.75
1121.90 3912.32
1125.99 3992.25
1119.79 4037.60
1122.68 4117.70
1117.90 4171.82
1118.53 4248.22
1115.75 4314.05
1113.17 4382.85
1110.97 4455.58
1091.52 4460.39
1105.20 4603.18
1105.96 4696.54
1100.98 4768.55
1100.03 4861.09
1100.23 4962.50
1102.97 5079.63
1097.22 5161.67
1074.69 5166.41
1096.40 5388.59
1096.29 5511.02
1091.32 5613.91
1086.96 5724.72
1084.39 5850.35
1079.49 5969.18
1083.65 6145.18
1056.83 6149.85
1073.40 6413.80
1068.71 6561.54
1067.45 6738.98
1055.84 6859.21
1084.73 7257.38
1083.05 7468.88
1064.93 7576.53
1031.86 7581.10
1004.64 7630.14
971.85 7638.42
948.75 7725.97
929.72 7854.16
895.44 7858.15
860.49 7856.01
825.27 7850.74
791.00 7854.27
756.15 7851.67
721.88 7854.90
690.65 7892.84
667.06 8026.33
634.94 8066.05
601.29 8089.68
568.22 8124.15
532.77 8126.55
496.82 8120.82
461.38 8122.91
425.35 8113.86
389.56 8107.65
354.18 8109.27
318.80 8110.74
282.78 8094.06
247.46 8095.22
0.03 1.00
0.02 1.00
0.02 1.00
0.01 1.00
0.01 1.00
0.00 1.00
0.00 1.00
-0.00 1.00
-118.64 13619.48
-178.09 13620.84
-237.49 13617.93
-296.62 13603.77
-354.74 13555.36
-413.89 13553.68
-471.77 13515.77
-530.73 13513.58
-589.69 13511.14
-647.97 13494.45
-702.19 13402.62
-683.81 12045.61
-738.68 12080.44
-790.86 12069.12
-843.51 12065.55
-896.15 12061.76
-949.87 12071.69
-1002.53 12067.43
-593.94 6790.07
-621.28 6762.52
-650.78 6759.75
-0.10 0.99
-0.10 0.99
-0.11 0.99
-661.92 5810.42
-687.26 5807.48
-712.11 5800.45
-737.41 5797.29
-763.09 5796.99
-790.67 5810.45
-816.02 5806.95
-841.34 5803.33
-864.44 5784.77
-876.14 5692.98
-872.97 5512.30
-897.01 5508.44
-961.80 5748.09
-986.87 5743.84
-933.10 5292.37
-956.18 5288.25
-959.57 5177.84
-979.54 5159.85
-1001.47 5152.58
-1019.85 5127.56
-962.07 4729.13
-926.29 4453.69
-943.43 4438.85
-962.79 4434.69
-982.13 4430.45
-1008.95 4459.28
-1041.67 4512.33
-1061.35 4507.74
-1081.01 4503.06
-1099.22 4492.48
-1118.81 4487.64
-1138.38 4482.71
-1356.22 5244.48
-1379.09 5238.51
-1360.27 5076.93
-1344.79 4932.98
-1338.78 4827.81
-1335.41 4735.30
-1331.25 4642.92
-1338.34 4591.94
-1330.25 4491.13
-1333.98 4432.62
-1332.26 4357.90
-1328.73 4279.47
-1331.15 4222.13
-1323.04 4133.42
-1317.89 4056.28
-1335.57 4050.49
-1324.36 3958.33
-1328.44 3913.69
-1320.76 3835.99
-1319.69 3779.21
-1321.48 3731.94
-1313.76 3659.32
-1313.64 3609.38
-1329.37 3603.62
-1307.96 3498.49
-1307.27 3450.67
-1305.83 3401.99
-1310.88 3371.10
-1302.49 3306.73
-1301.34 3262.00
-1299.45 3216.42
-1313.47 3210.72
-1304.89 3150.45
-1296.59 3092.16
-1294.44 3049.66
-1294.71 3013.66
-1288.30 2963.04
-1289.94 2931.77
-1291.74 2901.44
-1304.39 2895.78
-1285.50 2820.90
-1286.07 2789.84
-1281.75 2748.85
-1289.47 2734.19
-1290.19 2705.07
-1279.39 2652.58
-1275.17 2614.62
-1286.57 2609.03
-1280.09 2567.59
-1284.08 2547.69
-1286.11 2524.24
-1286.58 2498.16
-1286.85 2472.12
-1282.26 2437.28
-1279.74 2406.94
-1290.23 2401.33
-1276.36 2350.86
-1285.16 2342.64
-1278.89 2307.27
-1275.75 2278.11
-1271.89 2248.15
-1273.75 2228.69
-1277.46 2212.72
-1281.56 2197.62
-1280.48 2173.91
-1279.22 2150.26
-1276.74 2124.94
-1281.33 2111.66
-1280.08 2088.99
-1279.71 2068.08
-1287.14 2059.93
-1285.44 2037.38
-1279.27 2008.14
-1279.37 1989.08
-1273.87 1961.67
-1273.65 1942.72
-1281.56 1936.31
-1278.33 1913.24
-1278.84 1896.03
-1287.10 1890.44
-1273.25 1852.66
-1280.75 1846.27
-1277.32 1824.28
-1274.88 1803.99
-1273.45 1785.38
-1275.97 1772.50
-1275.46 1755.59
-1283.11 1750.01
-1277.65 1726.71
-1277.39 1710.70
-1272.20 1688.34
-1274.72 1676.40
-1267.41 1651.79
-1271.54 1642.29
-1278.70 1636.72
-1276.54 1619.35
-1271.14 1598.11
-1274.35 1587.87
-1273.08 1572.19
-1266.65 1550.36
-1267.67 1537.87
-1269.90 1526.94
-1271.40 1515.26
-1278.00 1509.70
-1270.94 1488.14
-1273.51 1478.03
-1270.76 1461.90
-1269.87 1448.07
-1271.54 1437.27
-1275.80 1429.47
-1275.33 1416.46
-1270.07 1398.30
-1265.35 1380.95
-1271.37 1375.41
-1265.08 1356.69
-1268.93 1348.97
-170.02 179.17
-170.80 178.43
-171.58 177.68
-172.35 176.93
-176.63 179.74
-177.41 178.97
-178.19 178.19
