-1176.95 -547.417
-1189.49 -549.793
-1189.52 -550.891
-1189.42 -553.194
-1174.15 -551.904
 -1173.9  -552.82
-1174.24 -555.451
-1177.32 -556.602
-1180.29 -556.971
-1178.82 -558.332
 -1177.1 -560.061
-1188.59 -561.902
-1186.07 -563.248
-1176.12 -562.913
-1175.08 -563.094
 -1187.1  -566.54
-1185.07 -567.036
 -2592.5 -794.542
 -2720.6 -824.873
-2737.09 -835.752
-2739.45 -843.598
-2743.72 -851.632
-2742.01 -860.041
-2765.96 -873.201
-2765.91 -880.842
-2773.35 -890.354
-2787.87 -902.116
-2785.12 -910.433
-2798.62 -921.051
-2802.37 -930.715
-2814.23 -941.929
-2819.02 -951.345
-2825.75 -961.948
 -2835.7  -972.04
-2843.86 -983.374
-2848.76 -994.443
-2862.35 -1005.57
-2864.68 -1016.02
-2880.13 -1029.21
-2887.35 -1038.81
-2907.91 -1054.47
-2923.47  -1067.1
-2924.94 -1078.62
-2944.09 -1092.88
-2963.16 -1107.65
-2961.07 -1117.41
-2966.82 -1127.87
-2976.11 -1139.91
-2987.67 -1153.46
-3010.98 -1171.66
-3013.18 -1181.66
-3039.42 -1200.57
-3037.89 -1209.74
-3043.07  -1220.3
-3066.83 -1239.97
 -3066.2 -1249.93
-3101.88 -1271.59
-3102.53 -1282.93
-3120.89 -1300.93
-3135.57  -1316.2
-3133.59  -1326.1
-3173.12 -1352.62
-4511.38 -1860.48
 -4549.1 -1893.77
-4569.57 -1919.88
-4588.09 -1944.64
-4623.01 -1976.37
-4647.98 -2005.61
-4685.82 -2038.99
-4700.17 -2064.79
-4717.89 -2090.61
-4744.38 -2120.87
-4755.41 -2145.08
-4791.44 -2180.49
-4815.26 -2211.04
-4847.44 -2243.98
-4883.94 -2282.56
-4913.47  -2315.2
 -4941.8  -2349.6
-4969.16 -2382.88
-4999.56 -2417.74
-5035.31 -2456.52
-5053.99 -2488.07
-5091.97 -2529.32
-5108.16 -2558.91
-5166.08 -2609.91
-5190.39 -2645.23
-5223.53 -2684.94
-5270.11 -2733.08
-5307.32 -2774.15
-5347.92 -2820.86
-5383.86 -2863.23
 -5418.6 -2907.19
-5408.88 -2926.56
 -5489.3 -2994.84
-5538.54 -3047.51
-5588.45 -3102.25
 -5640.5 -3156.63
-5689.79 -3213.81
-5744.79 -3271.27
-5793.61 -3326.63
-5823.58  -3372.4
-5886.28  -3438.3
-5939.09 -3499.79
-6018.46  -3576.9
-6059.62 -3631.08
-6113.17 -3695.47
-6162.91 -3755.72
-6216.81 -3821.34
-6202.06 -3844.61
-6351.07 -3972.44
-6423.18 -4050.53
-6476.66 -4119.88
-6543.42 -4197.34
-6567.58 -4248.88
-7197.32 -4703.71
-7266.44 -4789.53
-7248.15 -4815.99
-7438.06 -4987.99
-7529.71 -5094.27
-7639.74 -5212.42
-7785.12 -5359.12
-7878.73 -5469.15
-7971.67 -5583.24
-8061.26 -5694.03
-8110.98 -5778.26
-8205.91 -5896.61
-8277.19  -5998.3
-8254.12 -6030.87
-920.758 -526.573
-920.899 -525.831
-921.448 -526.447
-920.571 -525.994
-920.883 -526.134
-919.979 -526.254
-920.908 -525.424
-921.607 -526.211
-920.516 -525.996
-921.069 -525.546
-921.216 -526.676
-921.215 -526.134
-920.339 -527.098
-921.786  -526.99
-920.622 -527.352
-919.574 -526.399
-920.827 -525.865
-921.785 -526.817
-921.016 -527.125
-920.949 -526.372
-920.762 -526.092
-920.747 -527.795
-921.303 -525.926
-920.631 -527.713
-920.078 -526.961
-920.436 -525.934
-921.297 -526.913
-919.734 -526.578
-920.989 -525.791
-920.907 -526.336
-920.308 -526.055
-921.707 -526.242
-920.945 -525.667
-920.372 -527.485
-920.225 -526.071
-921.085 -526.466
-921.005 -525.611
-921.188 -525.612
-920.148 -527.135
-921.128 -526.681
-920.793 -526.961
-920.315 -526.829
  -921.8 -526.572
-919.719 -526.713
-920.403 -526.025
-920.182 -527.126
-921.224 -526.341
-920.456 -525.825
-919.877 -526.489
-23749.2 -27154.9
-23659.8 -27284.5
-23569.9 -27417.5
-23456.7 -27521.5
  -23338 -27616.3
-23219.6 -27714.7
-23100.4 -27810.8
-22978.8 -27906.7
-22863.3 -28006.9
-22744.4 -28102.6
-22623.4   -28199
-22504.8 -28295.1
-22383.9 -28388.8
-22253.7 -28471.3
-22106.8 -28532.8
 -920.27 -526.028
-920.338  -527.71
-921.664 -526.297
-920.578 -526.902
-921.358 -526.699
-921.322 -526.961
 -920.63 -527.739
-921.266 -526.664
-921.296 -526.367
-920.293 -525.956
-920.966 -525.633
-921.081 -527.584
-920.641 -527.069
-920.357  -527.16
-920.891 -525.391
 -920.01 -526.041
-921.509  -527.23
-919.864 -526.426
-919.621 -526.682
-919.923 -526.921
-920.156 -526.595
-921.446 -527.283
-921.318 -527.053
-920.674 -527.942
-920.851  -525.77
-920.477 -526.421
 -921.06 -526.107
 -921.34 -526.713
-920.627 -526.724
-921.694 -527.152
-920.214 -527.677
-920.248  -526.25
-919.854 -526.849
-921.441 -526.784
-921.204 -526.124
-921.106 -527.033
-920.465 -527.446
-919.995 -526.919
-920.325 -527.863
-920.981 -526.223
-921.061 -527.284
-920.653 -527.675
-920.932 -526.472
-920.224 -527.664
-920.339 -526.562
-919.514 -526.404
-920.301 -526.284
-920.508 -526.114
-921.963  -526.88
 -920.44 -526.677
-921.319 -526.361
-921.004 -526.784
-920.846 -526.245
-920.314 -526.523
-921.256 -527.003
-920.405 -527.469
-920.584 -527.952
-919.708 -527.152
-921.387 -526.439
-921.192 -527.325
-920.215 -526.526
-920.419 -526.939
-919.902 -527.606
-920.106 -527.166
-919.509 -526.905
-920.391  -526.93
-920.291 -527.216
-920.818 -526.741
-920.614 -527.073
-920.536 -527.219
-920.663 -525.668
 -921.15 -526.464
-920.492 -526.646
-921.029 -527.662
-920.614 -526.777
-920.378 -527.003
-919.955 -526.801
-920.944  -527.25
-920.048  -526.59
-920.303 -525.672
-921.496 -526.555
-920.056  -527.89
-920.478 -525.909
-921.315 -526.811
-920.404 -527.468
-921.383 -526.612
-919.932 -526.751
-920.749  -526.31
-920.318 -527.542
-920.768 -526.039
-921.197 -526.966
-920.255 -527.168
-920.443 -526.523
 -921.04 -526.411
-919.492 -526.832
-919.889 -527.659
-920.354 -527.032
-921.341 -526.681
-919.627  -526.87
-920.265 -528.238
  -920.3 -526.781
-919.714 -526.981
-919.995 -527.191
-920.585 -527.945
-920.889 -526.744
-920.163 -525.718
-921.173 -526.523
 -919.11  -526.72
-920.324 -526.775
 -919.29 -526.911
-919.993 -527.499
-919.544 -526.475
-920.932 -527.002
-919.942  -526.92
 -920.79 -527.387
-1144.61 -2096.53
-1137.72 -2097.76
-1130.37 -2101.17
-1123.04 -2099.04
-1116.54  -2103.8
 -1108.9 -2100.66
-1102.64 -2101.74
-1094.99  -2090.9
-1086.52 -2085.38
-1080.96 -2083.61
-1070.94 -2065.99
-1064.05 -2058.87
-1056.34 -2060.58
-1049.75 -2061.89
   -1043  -2063.2
-1036.99 -2063.45
-1030.52 -2064.42
-1023.47 -2063.83
-1016.57 -2046.78
-1009.25  -2042.6
-1002.99 -2037.95
-995.402 -2037.04
-987.888 -2020.57
-980.509 -2005.57
-974.144 -2003.72
-968.305 -1996.43
-961.994  -1979.7
-954.114 -1975.66
-947.735 -1973.81
-941.888 -1964.53
-936.346 -1964.85
-928.571  -1965.7
-922.987 -1964.52
-915.874 -1967.68
-909.647 -1990.33
-904.544 -1998.41
 -897.25 -2001.83
-889.846 -2014.36
-883.794 -2017.34
 -877.56  -2016.8
 -871.63 -2015.34
-863.096  -2024.1
-858.232 -2033.47
-849.407 -2035.92
-843.153 -2050.36
-836.918 -2050.71
 -830.01 -2050.04
-823.489 -2051.28
-815.427  -2071.3
-807.435    -2072
-801.315 -2078.29
-793.469 -2088.01
-787.422 -2087.64
-779.344 -2092.03
-770.803 -2106.32
-764.628 -2105.46
 -755.92  -2112.8
-749.015 -2123.37
-740.258 -2127.57
-732.423 -2135.63
-725.714 -2135.52
-718.843  -2136.9
-710.425 -2144.07
-702.949 -2147.84
-694.164 -2160.67
-684.211 -2168.83
-677.467 -2169.53
 -670.46 -2169.81
-662.791 -2172.55
-655.542 -2171.44
-648.624 -2170.83
-641.684 -2168.26
-634.165 -2167.67
-627.975  -2155.2
-621.803 -2150.24
-614.975 -2146.93
-608.742 -2139.85
-605.424 -2123.18
-598.865 -2117.51
-592.922 -2114.61
-587.394  -2107.2
-580.854 -2101.57
-575.169 -2094.87
-571.313 -2084.51
-565.644 -2075.67
 -559.61 -2070.63
-553.062 -2062.77
 -549.45 -2049.88
-543.013 -2047.64
-537.673 -2044.79
-531.096 -2043.21
-528.568 -2025.02
-521.617 -2023.71
-516.894 -2018.22
-513.338 -2005.64
-505.779 -2002.61
-500.417 -1998.38
-495.036  -1995.9
-490.269 -1982.97
-485.974 -1981.37
-479.548 -1974.12
-476.245 -1968.38
-469.575 -1965.86
-463.178 -1963.04
-460.947 -1949.36
-457.186 -1939.18
-451.144 -1936.24
-447.578 -1926.69
 -442.62 -1921.55
-436.775 -1918.69
-432.355 -1914.01
 -429.05 -1904.56
 -422.84 -1899.43
-418.935    -1891
-416.128 -1885.28
-410.254 -1880.47
-406.892 -1871.18
-402.554 -1865.08
-396.718 -1861.33
-392.546 -1856.47
-389.674 -1847.56
-385.538 -1841.56
-379.806 -1839.25
 -373.84 -1836.29
-371.403 -1828.72
-366.135 -1821.46
-361.461 -1818.18
-356.168 -1813.14
-351.448 -1811.78
-344.917 -1807.84
-340.812 -1804.09
-338.599 -1793.17
-334.046  -1787.5
-334.035  -1777.3
-337.323 -1752.69
-333.172 -1750.92
-326.028 -1747.88
-314.266 -1759.77
-309.065 -1756.53
-304.568 -1754.43
 -303.23 -1742.78
-304.198 -1727.79
-303.284 -1718.54
-297.177 -1716.73
-292.455 -1711.26
 -287.26 -1707.86
-284.833 -1700.69
-277.852 -1702.93
-275.088  -1695.1
-270.761  -1688.8
 -266.23 -1687.46
-260.584 -1682.94
-255.591 -1680.14
-242.771 -1691.07
-238.756  -1686.6
-233.513  -1684.2
-228.371 -1682.96
-222.941 -1678.86
-216.654    -1680
-206.658 -1682.69
-194.141 -1694.19
-187.571  -1693.9
-180.464 -1691.79
-175.651 -1689.57
-163.229 -1695.31
-159.253 -1692.99
-153.528 -1688.69
-148.409 -1685.53
-143.491 -1680.84
-139.534  -1676.4
 -135.06 -1672.66
-131.791 -1665.28
 -128.82 -1662.03
-124.975 -1656.34
-118.542 -1653.31
-115.709 -1647.91
-111.303 -1643.69
 -159.02 -1568.49
-164.258 -1553.02
 -165.11 -1540.31
-161.336 -1535.99
-160.973  -1529.5
-156.091 -1526.43
-153.045 -1520.95
-148.086 -1518.14
-143.729 -1514.51
-141.466 -1507.28
-150.652 -1489.13
-133.461 -1501.38
-137.028 -1487.33
-132.614  -1485.3
-125.557 -1484.87
-119.201 -1485.36
-118.021 -1477.45
-113.094 -1474.12
-124.346 -1453.35
-121.984 -1448.41
-119.103  -1443.6
-116.044 -1437.37
-112.086 -1433.63
-108.285 -1431.64
-103.443 -1427.84
-100.983 -1423.75
 -97.036 -1418.98
-93.8408 -1414.32
-90.2119 -1412.17
-86.0502 -1408.68
-84.5661 -1401.81
-84.6986 -1395.46
-77.3824 -1395.66
-73.4949 -1390.69
 -68.571 -1387.96
-63.1891 -1386.34
-59.1623 -1382.69
-59.0374 -1376.51
-61.1683 -1364.83
-59.0325  -1361.1
-59.3009 -1351.63
-57.3046 -1347.06
-53.4713 -1343.48
-40.4838  -1348.4
-35.3158 -1347.11
-31.7276 -1343.31
-30.2846  -1338.5
-23.9814 -1335.73
-20.2466 -1331.88
-21.4913 -1322.79
-18.7997 -1319.96
 -14.712 -1316.04
-12.7583 -1311.92
-8.95616 -1306.74
-7.68574 -1301.77
-5.84657 -1295.11
-559.498 -828.223
-563.926 -820.466
-562.042 -818.793
 -554.92 -822.986
 7.04822 -1274.09
 13.7213 -1270.92
 19.7279    -1269
 25.4571 -1267.24
 30.6741 -1264.08
  32.838  -1258.7
 36.1836  -1256.1
 42.1747 -1254.24
 45.4996 -1249.95
 48.4305 -1244.52
 46.6519 -1237.67
  53.864 -1236.05
 59.2427 -1232.99
 56.9281 -1224.91
 52.5436    -1217
 56.8041 -1213.04
 59.8726 -1208.39
 63.0584 -1203.86
 66.5707 -1199.49
 71.0654    -1198
  73.421 -1192.63
 76.9365 -1188.79
 78.9463 -1184.42
 82.6361 -1178.91
 87.0344 -1176.72
 92.4497 -1172.62
 93.6779 -1167.17
 95.8425  -1162.7
 98.2931 -1159.43
 103.333 -1154.61
 104.657 -1151.06
 108.245 -1145.61
 115.369 -1143.53
 119.978 -1140.76
 129.711 -1140.81
 131.922 -1136.66
 153.332 -1142.04
 155.183 -1137.37
 146.587 -1124.95
 149.703 -1120.98
 154.467 -1118.65
 156.462 -1113.03
 160.124 -1108.66
 167.638 -1107.08
 184.374 -1110.24
 188.241 -1105.43
 190.292 -1101.41
 192.147 -1094.46
 194.444 -1090.03
 197.088 -1085.85
 202.129 -1081.56
 200.784    -1075
 208.842 -1072.82
  211.89 -1068.57
  214.76 -1063.93
 217.917 -1059.85
 220.395 -1054.45
 222.784 -1049.63
 225.629 -1044.93
 236.622  -1043.7
 245.338 -1040.84
 248.084 -1036.42
 254.298  -1031.9
 257.353 -1028.79
 258.332 -1023.17
 260.882 -1018.04
 267.628 -1013.49
 271.952  -1009.8
 271.519 -1002.63
 275.552 -999.211
 279.011  -994.81
 280.998 -989.716
 282.648 -985.091
 286.588 -979.626
 295.909 -976.616
 296.295 -971.209
 299.094 -967.202
 300.854 -960.301
 303.064 -955.418
 304.346 -950.506
 315.341 -947.925
 316.533 -942.557
 320.306  -937.06
  320.66 -931.658
 322.313 -926.585
  332.45 -923.179
 337.349 -919.085
 347.754 -916.654
 351.798 -912.314
 350.503 -905.081
 351.621 -898.542
 357.649 -893.654
 358.618 -890.035
 365.402 -884.408
 370.311 -880.411
 377.744 -877.171
 378.905 -871.008
 379.767 -864.815
 382.713 -859.372
 398.417 -857.587
 410.375  -853.97
 420.351 -851.187
 422.039 -844.555
 425.397 -839.166
 425.297 -832.835
 426.706 -827.828
 434.577 -822.006
 439.152 -817.179
 442.741 -812.523
 449.388   -808.1
 451.194 -800.231
 455.227 -795.678
 456.228 -789.093
 457.186 -784.265
 458.831 -777.985
 458.742 -771.232
 459.818 -766.451
 480.139 -762.712
  482.96 -756.877
 484.996 -751.055
  491.13 -745.725
 494.897 -739.906
 496.619 -735.039
 507.861 -728.796
 510.278     -723
  509.96 -717.126
 523.727 -711.681
 532.366 -707.614
 537.242 -700.111
 540.486 -694.622
  543.49  -687.94
 544.182 -683.246
 554.588 -677.591
 560.584 -670.003
  565.03 -665.376
 567.426 -657.906
 579.191 -653.627
 578.745 -647.192
 580.151 -639.708
 594.066  -634.63
 597.193 -628.668
 598.943 -621.182
 611.613 -616.056
 612.317 -609.164
 617.891 -603.853
 620.998 -596.055
 621.285 -589.148
  622.86 -582.531
 627.721 -575.513
 631.853 -569.337
 644.536 -563.007
  651.36 -556.694
 667.762 -550.143
 667.864  -543.25
 670.073 -535.501
 673.265 -528.151
 679.312 -521.149
 686.536 -514.965
 687.717 -508.089
 693.561 -501.132
  706.15 -493.143
 709.469 -486.535
 713.603 -478.521
 714.119 -472.829
 720.865 -465.739
 720.485 -457.018
 731.031 -449.513
  739.23   -442.2
 741.282  -434.44
 742.731 -427.478
 744.623 -419.593
 743.276 -412.324
 742.803     -405
 736.195 -398.697
 725.928 -392.162
 718.576 -385.552
 708.095 -380.136
 703.154 -371.708
 697.804 -366.144
 680.742  -359.87
 673.146 -355.382
 666.018 -347.888
 661.236 -342.239
 657.336 -334.895
 650.779 -329.543
 635.057 -323.748
 632.783 -316.696
 626.082  -310.74
   625.2 -305.261
 603.395 -301.208
 601.786 -294.281
 600.097 -288.124
 594.955 -282.155
 580.979 -278.389
 574.409 -271.088
 574.081 -265.568
 569.333 -259.721
 558.604  -254.22
 550.589 -249.305
 542.286 -245.579
  537.58   -239.3
 534.031 -232.004
 525.398  -228.22
 505.601 -226.875
 504.196  -219.92
 499.071 -213.614
 495.978 -208.121
 492.946 -203.203
 481.957 -198.619
 475.211 -193.782
 462.306 -190.459
 449.879 -186.437
 448.152 -181.472
 439.208  -176.64
 415.839 -176.274
 411.174 -170.924
 404.739 -167.583
 397.706 -164.058
 393.602 -159.108
 379.797 -156.453
 377.778 -149.329
 375.972 -144.719
 375.777 -138.565
 371.091 -132.737
 370.534 -127.527
 370.252 -121.083
 379.729 -111.994
  377.99  -106.51
 376.976 -99.8465
 390.349 -88.9975
 396.513 -80.5739
 406.411  -71.491
 413.319 -63.7915
 414.858 -56.7778
 423.845 -45.0242
 425.307 -39.6151
 423.339 -33.7978
 454.932 -14.4981
 481.639  1.69755
 559.738  38.8272
 1117.73  262.611
 1334.07  357.703
 1373.98  382.994
 1397.81  405.848
 1392.94  415.123
 1429.22   443.28
 1441.69  459.874
 1460.93  479.365
 1485.06  501.332
 1495.34  518.777
 1505.27  536.264
 1518.53  553.984
 1513.46  565.341
 1546.39  592.287
 1585.59   623.77
 1581.19  635.289
 1598.26  657.065
 1617.28  679.277
 1631.43  698.859
  1659.3  725.353
 1653.87  736.907
 1695.99  771.927
 1726.46  801.881
 1735.89  820.853
 1757.97  847.347
 1773.17  869.325
  1790.5   894.37
 1808.93  919.914
 1802.19  930.348
  1858.3  974.864
 1885.97  1007.34
 1909.61  1035.46
  1925.9   1060.3
 1945.96  1089.68
 1974.29  1121.84
  1991.9  1148.02
 1984.75  1161.42
 2049.82  1216.04
 2075.65  1249.69
 2095.67  1277.33
 2128.48  1316.65
  2156.6  1352.44
 2188.31  1390.19
 2212.28  1423.34
 2204.75  1437.68
 2267.88  1495.44
 2301.62  1537.14
 2336.68  1579.79
 2372.29  1624.23
 2394.71  1660.05
 2439.01  1710.25
 2459.48  1743.91
 2513.52  1802.74
 2536.37  1841.13
 2590.78  1900.53
 2622.25  1946.04
 2671.95  2003.71
 2712.93  2055.73
    2754  2109.38
 2799.86  2165.51
 2787.95  2181.79
  2891.8  2282.84
 2951.51  2352.57
 2994.12  2412.45
 3052.95  2482.59
 3117.71  2561.21
 3195.15  2649.39
 3244.37  2713.93
 3230.73   2732.6
 3390.63   2889.1
  3468.3  2982.83
 3529.99  3064.57
 3598.89  3151.56
 3677.93  3249.82
 3751.89  3343.99
 3866.21  3476.06
 3849.87  3497.03
 4033.14  3688.81
 4123.57  3804.57
 4236.96   3941.1
 4306.04  4041.05
 4584.86  4326.46
 4720.71  4488.95
 4774.61  4582.97
 4753.41   4607.5
 4763.94  4663.01
 4743.42  4689.81
 4782.37  4772.58
  4850.8  4881.63
 4826.55  4907.16
  4799.5  4929.08
 4768.92  4946.57
 4745.63  4971.62
 4716.85  4991.94
 4692.34  5016.52
 4692.45  5065.69
 4760.86  5182.77
 4761.11  5233.71
 4751.09  5273.39
 4749.25  5321.95
 4722.69  5347.31
 4690.38  5365.24
  4666.1  5390.06
 4632.32  5406.68
 4600.57   5423.7
 4574.92  5448.31
 4549.31  5472.43
 4509.81  5482.02
 4483.75  5507.29
-920.575 -525.146
-919.821 -526.022
-918.354 -525.116
-918.387 -525.052
-920.175 -525.676
-919.049 -524.776
-919.745 -525.378
-920.579  -525.28
 7761.85  9967.46
 7718.64  10007.2
 7671.05  10042.6
 7616.74    10070
 7541.26  10070.6
 7495.15  10106.7
 7425.34  10115.6
 7380.25    10152
 7334.06  10187.9
 7277.18  10212.7
 7176.88  10178.1
 6316.78  9126.78
 6297.43  9190.37
 6249.76  9214.37
 6207.23  9244.94
 6165.01  9275.74
 6130.96   9319.1
  6087.4  9350.12
 3000.19  5049.65
 2961.95  5046.67
 2936.37  5062.75
-919.616 -525.712
-918.562 -524.889
-919.868 -525.418
 2316.19  4344.68
 2295.57  4359.89
 2271.95  4369.04
 2250.66  4382.83
  2231.2  4399.35
 2218.35  4428.52
 2196.33   4441.8
 2174.99  4454.64
    2146   4454.9
 2077.22  4392.01
 1962.58  4251.87
 1942.36  4265.15
 2047.57  4490.27
 2025.49  4503.97
 1774.66  4123.29
 1756.02  4135.04
  1680.8  4052.76
 1654.08  4051.42
 1632.84   4060.5
 1602.46  4053.36
 1391.14  3711.35
 1240.77   3476.4
 1219.07  3476.97
  1199.8  3486.37
 1183.45  3494.83
 1180.74  3535.86
 1190.21  3595.08
 1172.07  3604.41
 1153.74  3615.25
 1133.59  3618.75
 1115.26  3627.59
 1095.83  3635.87
 1421.73  4359.66
 1399.91  4368.49
  1310.6  4232.78
 1228.17  4112.97
 1166.53  4028.98
 1109.02  3955.33
 1051.97  3883.45
 1013.69  3848.91
 955.814  3766.35
 916.219  3724.04
 867.458  3665.46
 821.042  3603.81
 781.495  3561.14
  729.99  3487.94
 685.676  3425.75
 668.546   3432.4
 616.043  3354.54
 585.255  3323.53
 539.793  3259.14
 504.254  3214.82
  472.98  3179.87
 433.533  3119.32
 400.191  3081.04
 384.979  3086.16
 332.969  2991.86
 303.271  2954.72
 273.786  2917.48
  249.55  2897.07
 214.384  2841.63
 185.486  2806.77
 158.796  2771.61
 143.303  2776.08
 111.127  2724.12
 80.9412  2675.05
 53.4661   2640.7
 31.9297  2613.54
 2.37141  2570.17
-18.8586  2547.12
-39.4152  2526.15
-53.4088  2529.42
-86.5496   2459.9
-107.077   2437.3
-129.567  2401.47
-144.764  2395.08
-164.373  2375.38
-189.632  2326.41
-211.221  2295.91
-224.137  2298.43
  -245.4  2262.31
-261.206  2248.94
-277.734  2234.57
-294.533  2214.05
 -311.93  2193.47
-331.347  2164.03
-347.977  2140.16
-359.729     2141
-381.592  2093.94
-394.662  2093.27
-412.115  2063.62
-427.589  2038.39
-445.639  2012.73
-457.947  1999.99
-472.443  1989.42
-484.583  1979.84
-499.084  1963.02
-512.693  1942.66
 -527.45  1922.36
-539.145  1914.24
-553.008  1896.81
 -567.01  1880.63
-577.922  1879.55
-591.312   1860.7
-605.267  1833.49
-616.907   1818.6
-631.167  1794.86
-643.315  1779.99
-652.436  1780.24
-665.054  1760.97
-676.751     1749
-686.585   1749.9
-700.574  1711.77
-709.897  1710.39
-721.437  1691.53
-732.698  1676.14
-744.335  1659.26
-755.285  1652.07
-764.771  1639.24
-774.874  1639.39
-784.986  1618.25
-796.037  1605.72
 -806.32   1584.4
-814.188  1577.32
-826.771   1553.9
-833.862  1549.32
-843.722   1550.1
-854.302  1535.17
-862.363  1515.01
-873.041  1509.71
-880.734  1497.41
-889.886  1475.68
-899.494   1466.6
-908.507  1459.93
-915.982  1452.86
-926.012  1452.42
-934.079  1431.77
-942.012  1426.22
-950.864  1411.46
-958.836  1400.28
-967.356  1393.17
-973.897  1389.59
-982.836  1378.72
-989.814  1362.31
-998.722  1345.08
-1006.36   1344.7
-1013.16  1327.25
-1021.81   1323.5
-935.127 -279.926
-936.296 -279.014
-936.486 -279.167
-938.748 -279.801
-938.408 -274.425
-940.432 -274.945
-941.167 -275.627